0
1
2
3
4
5
6
7
8
9
10
11
12
13
14
15
16
17
18
19
20
21
22
22.1
22.200000000000003
22.300000000000004
22.400000000000006
22.500000000000007
22.60000000000001
22.70000000000001
22.80000000000001
22.900000000000013
23.000000000000014
23.100000000000016
23.200000000000017
23.30000000000002
23.40000000000002
23.50000000000002
23.600000000000023
23.700000000000024
23.800000000000026
23.900000000000027
24.00000000000003
24.10000000000003
24.20000000000003
24.300000000000033
24.400000000000034
24.500000000000036
24.600000000000037
24.70000000000004
24.80000000000004
24.90000000000004
25.000000000000043
25.100000000000044
25.200000000000045
25.300000000000047
25.40000000000005
25.50000000000005
26.50000000000005
27.50000000000005
28.50000000000005
29.50000000000005
30.50000000000005
31.50000000000005
32.50000000000005
33.50000000000005
34.50000000000005
35.50000000000005
36.50000000000005
37.50000000000005
38.50000000000005
39.50000000000005
40.50000000000005
41.50000000000005
42.50000000000005
43.50000000000005
44.50000000000005
45.50000000000005
46.50000000000005
47.50000000000005
48.50000000000005
49.50000000000005
50.50000000000005
51.50000000000005
52.50000000000005
53.50000000000005
54.50000000000005
55.50000000000005
56.50000000000005
57.50000000000005
58.50000000000005
59.50000000000005
60.50000000000005
61.50000000000005
62.50000000000005
63.50000000000005
64.50000000000006
65.50000000000006
66.50000000000006
67.50000000000006
68.50000000000006
69.50000000000006
70.50000000000006
71.50000000000006
72.50000000000006
73.50000000000006
74.50000000000006
75.50000000000006
76.50000000000006
77.50000000000006
78.50000000000006
79.50000000000006
80.50000000000006
81.50000000000006
82.50000000000006
83.50000000000006
84.50000000000006
85.50000000000006
86.50000000000006
87.50000000000006
88.50000000000006
89.50000000000006
90.50000000000006
91.50000000000006
92.50000000000006
93.50000000000006
94.50000000000006
95.50000000000006
96.50000000000006
97.50000000000006
98.50000000000006
99.50000000000006
100.50000000000006
101.50000000000006
102.50000000000006
103.50000000000006
104.50000000000006
105.50000000000006
106.50000000000006
107.50000000000006
108.50000000000006
109.50000000000006
110.50000000000006
111.50000000000006
112.50000000000006
113.50000000000006
114.50000000000006
115.50000000000006
116.50000000000006
117.50000000000006
118.50000000000006
119.50000000000006
120.50000000000006
121.50000000000006
122.50000000000006
123.50000000000006
124.50000000000006
125.50000000000006
126.50000000000006
127.50000000000006
128.50000000000006
129.50000000000006
130.50000000000006
131.50000000000006
132.50000000000006
133.50000000000006
134.50000000000006
135.50000000000006
136.50000000000006
137.50000000000006
138.50000000000006
139.50000000000006
140.50000000000006
141.50000000000006
142.50000000000006
143.50000000000006
144.50000000000006
145.50000000000006
146.50000000000006
147.50000000000006
148.50000000000006
149.50000000000006
150.50000000000006
151.50000000000006
152.50000000000006
153.50000000000006
154.50000000000006
155.50000000000006
156.50000000000006
157.50000000000006
158.50000000000006
159.50000000000006
160.50000000000006
161.50000000000006
162.50000000000006
163.50000000000006
164.50000000000006
165.50000000000006
166.50000000000006
167.50000000000006
168.50000000000006
169.50000000000006
170.50000000000006
171.50000000000006
172.50000000000006
173.50000000000006
174.50000000000006
175.50000000000006
176.50000000000006
177.50000000000006
178.50000000000006
179.50000000000006
180.50000000000006
181.50000000000006
182.50000000000006
183.50000000000006
184.50000000000006
185.50000000000006
186.50000000000006
187.50000000000006
188.50000000000006
189.50000000000006
190.50000000000006
191.50000000000006
192.50000000000006
193.50000000000006
194.50000000000006
195.50000000000006
196.50000000000006
197.50000000000006
198.50000000000006
199.50000000000006
200.50000000000006
201.50000000000006
202.50000000000006
203.50000000000006
204.50000000000006
205.50000000000006
206.50000000000006
207.50000000000006
208.50000000000006
209.50000000000006
210.50000000000006
211.50000000000006
212.50000000000006
213.50000000000006
214.50000000000006
215.50000000000006
216.50000000000006
217.50000000000006
218.50000000000006
219.50000000000006
220.50000000000006
221.50000000000006
222.50000000000006
223.50000000000006
224.50000000000006
225.50000000000006
226.50000000000006
227.50000000000006
228.50000000000006
229.50000000000006
230.50000000000006
231.50000000000006
232.50000000000006
233.50000000000006
234.50000000000006
235.50000000000006
236.50000000000006
237.50000000000006
238.50000000000006
239.50000000000006
240.50000000000006
241.50000000000006
242.50000000000006
243.50000000000006
244.50000000000006
245.50000000000006
246.50000000000006
247.50000000000006
248.50000000000006
249.50000000000006
250.50000000000006
251.50000000000006
252.50000000000006
253.50000000000006
254.50000000000006
255.50000000000006
256.50000000000006
257.50000000000006
258.50000000000006
259.50000000000006
260.50000000000006
261.50000000000006
262.50000000000006
263.50000000000006
264.50000000000006
265.50000000000006
266.50000000000006
267.50000000000006
268.50000000000006
269.50000000000006
270.50000000000006
271.50000000000006
272.50000000000006
273.50000000000006
274.50000000000006
275.50000000000006
276.50000000000006
277.50000000000006
278.50000000000006
279.50000000000006
280.50000000000006
281.50000000000006
282.50000000000006
283.50000000000006
284.50000000000006
285.50000000000006
286.50000000000006
287.50000000000006
288.50000000000006
289.50000000000006
290.50000000000006
291.50000000000006
292.50000000000006
293.50000000000006
294.50000000000006
295.50000000000006
296.50000000000006
297.50000000000006
298.50000000000006
299.50000000000006
300.50000000000006
301.50000000000006
302.50000000000006
303.50000000000006
304.50000000000006
305.50000000000006
306.50000000000006
307.50000000000006
308.50000000000006
309.50000000000006
310.50000000000006
311.50000000000006
312.50000000000006
313.50000000000006
314.50000000000006
315.50000000000006
316.50000000000006
317.50000000000006
318.50000000000006
319.50000000000006
320.50000000000006
321.50000000000006
322.50000000000006
323.50000000000006
324.50000000000006
325.50000000000006
326.50000000000006
327.50000000000006
328.50000000000006
329.50000000000006
330.50000000000006
331.50000000000006
332.50000000000006
333.50000000000006
334.50000000000006
335.50000000000006
336.50000000000006
337.50000000000006
338.50000000000006
339.50000000000006
340.50000000000006
341.50000000000006
342.50000000000006
343.50000000000006
344.50000000000006
345.50000000000006
346.50000000000006
347.50000000000006
348.50000000000006
349.50000000000006
350.50000000000006
351.50000000000006
352.50000000000006
353.50000000000006
354.50000000000006
355.50000000000006
356.50000000000006
357.50000000000006
358.50000000000006
359.50000000000006
360.50000000000006
361.50000000000006
362.50000000000006
363.50000000000006
364.50000000000006
365.50000000000006
366.50000000000006
367.50000000000006
368.50000000000006
369.50000000000006
370.50000000000006
371.50000000000006
372.50000000000006
373.50000000000006
374.50000000000006
375.50000000000006
376.50000000000006
377.50000000000006
378.50000000000006
379.50000000000006
380.50000000000006
381.50000000000006
382.50000000000006
383.50000000000006
384.50000000000006
385.50000000000006
386.50000000000006
387.50000000000006
388.50000000000006
389.50000000000006
390.50000000000006
391.50000000000006
392.50000000000006
393.50000000000006
394.50000000000006
395.50000000000006
396.50000000000006
397.50000000000006
398.50000000000006
399.50000000000006
400.50000000000006
401.50000000000006
402.50000000000006
403.50000000000006
404.50000000000006
405.50000000000006
406.50000000000006
407.50000000000006
408.50000000000006
409.50000000000006
410.50000000000006
411.50000000000006
412.50000000000006
413.50000000000006
414.50000000000006
415.50000000000006
416.50000000000006
417.50000000000006
418.50000000000006
419.50000000000006
420.50000000000006
421.50000000000006
422.50000000000006
423.50000000000006
424.50000000000006
425.50000000000006
426.50000000000006
427.50000000000006
428.50000000000006
429.50000000000006
430.50000000000006
431.50000000000006
432.50000000000006
433.50000000000006
434.50000000000006
435.50000000000006
436.50000000000006
437.50000000000006
438.50000000000006
439.50000000000006
440.50000000000006
441.50000000000006
442.50000000000006
443.50000000000006
444.50000000000006
445.50000000000006
446.50000000000006
447.50000000000006
448.50000000000006
449.50000000000006
450.50000000000006
451.50000000000006
452.50000000000006
453.50000000000006
454.50000000000006
455.50000000000006
456.50000000000006
457.50000000000006
458.50000000000006
459.50000000000006
460.50000000000006
461.50000000000006
462.50000000000006
463.50000000000006
464.50000000000006
465.50000000000006
466.50000000000006
467.50000000000006
468.50000000000006
469.50000000000006
470.50000000000006
471.50000000000006
472.50000000000006
473.50000000000006
474.50000000000006
475.50000000000006
476.50000000000006
477.50000000000006
478.50000000000006
479.50000000000006
480.50000000000006
481.50000000000006
482.50000000000006
483.50000000000006
484.50000000000006
485.50000000000006
486.50000000000006
487.50000000000006
488.50000000000006
489.50000000000006
490.50000000000006
491.50000000000006
492.50000000000006
493.50000000000006
494.50000000000006
495.50000000000006
496.50000000000006
497.50000000000006
498.50000000000006
499.50000000000006
500.50000000000006
501.50000000000006
502.50000000000006
503.50000000000006
504.50000000000006
505.50000000000006
506.50000000000006
507.50000000000006
508.50000000000006
509.50000000000006
510.50000000000006
511.50000000000006
512.5
513.5
514.5
515.5
516.5
517.5
518.5
519.5
520.5
521.5
522.5
523.5
524.5
525.5
526.5
527.5
528.5
529.5
530.5
531.5
532.5
533.5
534.5
535.5
536.5
537.5
538.5
539.5
540.5
541.5
542.5
543.5
544.5
545.5
546.5
547.5
548.5
549.5
550.5
551.5
552.5
553.5
554.5
555.5
556.5
557.5
558.5
559.5
560.5
561.5
562.5
563.5
564.5
565.5
566.5
567.5
568.5
569.5
570.5
571.5
572.5
573.5
574.5
575.5
576.5
577.5
578.5
579.5
580.5
581.5
582.5
583.5
584.5
585.5
586.5
587.5
588.5
589.5
590.5
591.5
592.5
593.5
594.5
595.5
596.5
597.5
598.5
599.5
600.5
601.5
602.5
603.5
604.5
605.5
606.5
607.5
608.5
609.5
610.5
611.5
612.5
613.5
614.5
615.5
616.5
617.5
618.5
619.5
620.5
621.5
622.5
623.5
624.5
625.5
626.5
627.5
628.5
629.5
630.5
631.5
632.5
633.5
634.5
635.5
636.5
637.5
638.5
639.5
640.5
641.5
642.5
643.5
644.5
645.5
646.5
647.5
648.5
649.5
650.5
651.5
652.5
653.5
654.5
655.5
656.5
657.5
658.5
659.5
660.5
661.5
662.5
663.5
664.5
665.5
666.5
667.5
668.5
669.5
670.5
671.5
672.5
673.5
674.5
675.5
676.5
677.5
678.5
679.5
680.5
681.5
682.5
683.5
684.5
685.5
686.5
687.5
688.5
689.5
690.5
691.5
692.5
693.5
694.5
695.5
696.5
697.5
698.5
699.5
700.5
701.5
702.5
703.5
704.5
705.5
706.5
707.5
708.5
709.5
710.5
711.5
712.5
713.5
714.5
715.5
716.5
717.5
718.5
719.5
720.5
721.5
722.5
723.5
724.5
725.5
726.5
727.5
728.5
729.5
730.5
731.5
732.5
733.5
734.5
735.5
736.5
737.5
738.5
739.5
740.5
741.5
742.5
743.5
744.5
745.5
746.5
747.5
748.5
749.5
750.5
751.5
752.5
753.5
754.5
755.5
756.5
757.5
758.5
759.5
760.5
761.5
762.5
763.5
764.5
765.5
766.5
767.5
768.5
769.5
770.5
771.5
772.5
773.5
774.5
775.5
776.5
777.5
778.5
779.5
780.5
781.5
782.5
783.5
784.5
785.5
786.5
787.5
788.5
789.5
790.5
791.5
792.5
793.5
794.5
795.5
796.5
797.5
798.5
799.5
800.5
801.5
802.5
803.5
804.5
805.5
806.5
807.5
808.5
809.5
810.5
811.5
812.5
813.5
814.5
815.5
816.5
817.5
818.5
819.5
820.5
821.5
822.5
823.5
824.5
825.5
826.5
827.5
828.5
829.5
830.5
831.5
832.5
833.5
834.5
835.5
836.5
837.5
838.5
839.5
840.5
841.5
842.5
843.5
844.5
845.5
846.5
847.5
848.5
849.5
850.5
851.5
852.5
853.5
854.5
855.5
856.5
857.5
858.5
859.5
860.5
861.5
862.5
863.5
864.5
865.5
866.5
867.5
868.5
869.5
870.5
871.5
872.5
873.5
874.5
875.5
876.5
877.5
878.5
879.5
880.5
881.5
882.5
883.5
884.5
885.5
886.5
887.5
888.5
889.5
890.5
891.5
892.5
893.5
894.5
895.5
896.5
897.5
898.5
899.5
900.5
901.5
902.5
903.5
904.5
905.5
906.5
907.5
908.5
909.5
910.5
911.5
912.5
913.5
914.5
915.5
916.5
917.5
918.5
919.5
920.5
921.5
922.5
923.5
924.5
925.5
926.5
927.5
928.5
929.5
930.5
931.5
932.5
933.5
934.5
935.5
936.5
937.5
938.5
939.5
940.5
941.5
942.5
943.5
944.5
945.5
946.5
947.5
948.5
949.5
950.5
951.5
952.5
953.5
954.5
955.5
956.5
957.5
958.5
959.5
960.5
961.5
962.5
963.5
964.5
965.5
966.5
967.5
968.5
969.5
970.5
971.5
972.5
973.5
974.5
975.5
976.5
977.5
978.5
979.5
980.5
981.5
982.5
983.5
984.5
985.5
986.5
987.5
988.5
989.5
990.5
991.5
992.5
993.5
994.5
995.5
996.5
997.5
998.5
999.5
1000.5
1001.5
1002.5
1003.5
1004.5
1005.5
1006.5
1007.5
1008.5
1009.5
1010.5
1011.5
1012.5
1013.5
1014.5
1015.5
1016.5
1017.5
1018.5
1019.5
1020.5
1021.5
1022.5
1023.5
1024.5
1025.5
1026.5
1027.5
1028.5
1029.5
1030.5
1031.5
1032.5
1033.5
1034.5
1035.5
1036.5
1036.892895
