-2.0000137043741493
-1.9961074276077937
-1.9902480124582602
-1.9863417356919044
-1.980482320542371
-1.976576043776015
-1.9707166286264812
-1.9668103518601256
-1.960950936710592
-1.9570446599442364
-1.9511852447947025
-1.9472789680283467
-1.9414195528788132
-1.9375132761124574
-1.931653860962924
-1.9277475841965679
-1.9218881690470344
-1.9179818922806786
-1.9140756155143228
-1.9082162003647893
-1.9043099235984333
-1.8984505084488998
-1.894544231682544
-1.8886848165330103
-1.8847785397666543
-1.878919124617121
-1.8750128478507653
-1.8691534327012316
-1.8652471559348758
-1.8593877407853423
-1.8554814640189865
-1.8496220488694526
-1.845715772103097
-1.8418094953367412
-1.8359500801872075
-1.832043803420852
-1.826184388271318
-1.8222781115049624
-1.816418696355429
-1.812512419589073
-1.8066530044395395
-1.8027467276731834
-1.7968873125236502
-1.7929810357572944
-1.7871216206077605
-1.783215343841405
-1.777355928691871
-1.7734496519255156
-1.7675902367759817
-1.763683960009626
-1.7597776832432703
-1.7539182680937366
-1.7500119913273808
-1.7441525761778471
-1.7402462994114913
-1.7343868842619579
-1.730480607495602
-1.7246211923460686
-1.7207149155797126
-1.7148555004301789
-1.7109492236638233
-1.7050898085142896
-1.701183531747934
-1.6953241165984
-1.6914178398320445
-1.6875115630656887
-1.681652147916155
-1.677745871149799
-1.6718864560002658
-1.66798017923391
-1.6621207640843763
-1.6582144873180205
-1.6523550721684868
-1.6484487954021312
-1.6425893802525973
-1.6386831034862417
-1.632823688336708
-1.6289174115703522
-1.6230579964208187
-1.6191517196544627
-1.6132923045049292
-1.6093860277385734
-1.6054797509722176
-1.5996203358226841
-1.5957140590563281
-1.5898546439067947
-1.585948367140439
-1.5800889519909052
-1.5761826752245496
-1.5703232600750157
-1.5664169833086603
-1.5605575681591264
-1.5566512913927706
-1.550791876243237
-1.546885599476881
-1.5410261843273478
-1.5371199075609918
-1.533213630794636
-1.5273542156451025
-1.5234479388787467
-1.5175885237292133
-1.5136822469628572
-1.5078228318133235
-1.5039165550469682
-1.4980571398974343
-1.4941508631310785
-1.4882914479815448
-1.484385171215189
-1.4785257560656555
-1.4746194792992997
-1.4687600641497662
-1.4648537873834102
-1.4589943722338767
-1.455088095467521
-1.4511818187011651
-1.4453224035516312
-1.4414161267852756
-1.4355567116357422
-1.4316504348693864
-1.4257910197198527
-1.4218847429534966
-1.4160253278039634
-1.4121190510376076
-1.406259635888074
-1.402353359121718
-1.3964939439721844
-1.3925876672058288
-1.386728252056295
-1.3828219752899393
-1.3789156985235835
-1.3730562833740498
-1.3691500066076943
-1.3632905914581603
-1.3593843146918048
-1.3535248995422713
-1.3496186227759153
-1.3437592076263818
-1.3398529308600258
-1.3339935157104925
-1.3300872389441367
-1.3242278237946028
-1.3203215470282472
-1.3144621318787133
-1.310555855112358
-1.304696439962824
-1.3007901631964682
-1.2968838864301127
-1.291024471280579
-1.2871181945142232
-1.2812587793646895
-1.2773525025983337
-1.2714930874488004
-1.2675868106824444
-1.261727395532911
-1.257821118766555
-1.2519617036170212
-1.2480554268506658
-1.242196011701132
-1.2382897349347761
-1.2324303197852424
-1.2285240430188868
-1.224617766252531
-1.2187583511029974
-1.2148520743366416
-1.208992659187108
-1.2050863824207523
-1.1992269672712186
-1.1953206905048628
-1.189461275355329
-1.1855549985889735
-1.1796955834394398
-1.175789306673084
-1.1699298915235503
-1.1660236147571947
-1.160164199607661
-1.1562579228413052
-1.1503985076917715
-1.1464922309254157
-1.1425859541590602
-1.1367265390095265
-1.1328202622431707
-1.126960847093637
-1.1230545703272814
-1.1171951551777477
-1.1132888784113917
-1.107429463261858
-1.1035231864955026
-1.097663771345969
-1.0937574945796131
-1.0878980794300794
-1.0839918026637234
-1.07813238751419
-1.0742261107478344
-1.0703198339814783
-1.0644604188319446
-1.060554142065589
-1.0546947269160554
-1.0507884501496998
-1.044929035000166
-1.04102275823381
-1.0351633430842766
-1.0312570663179208
-1.025397651168387
-1.0214913744020313
-1.0156319592524978
-1.011725682486142
-1.0058662673366083
-1.0019599905702528
-0.9961005754207191
-0.9921942986543633
-0.9882880218880075
-0.9824286067384739
-0.9785223299721182
-0.9726629148225844
-0.9687566380562287
-0.962897222906695
-0.9589909461403393
-0.9531315309908056
-0.9492252542244499
-0.9433658390749162
-0.9394595623085605
-0.9336001471590268
-0.9296938703926712
-0.9238344552431373
-0.9199281784767818
-0.9140687633272481
-0.9101624865608923
-0.9062562097945365
-0.9003967946450028
-0.8964905178786472
-0.8906311027291135
-0.8867248259627578
-0.8808654108132241
-0.8769591340468683
-0.8710997188973346
-0.8671934421309789
-0.8613340269814452
-0.8574277502150894
-0.8515683350655558
-0.8476620582992
-0.8418026431496665
-0.8378963663833107
-0.833990089616955
-0.8281306744674213
-0.8242243977010656
-0.8183649825515319
-0.8144587057851761
-0.8085992906356424
-0.8046930138692867
-0.7988335987197531
-0.7949273219533973
-0.7890679068038637
-0.7851616300375078
-0.7793022148879742
-0.7753959381216186
-0.769536522972085
-0.7656302462057291
-0.7597708310561955
-0.7558645542898397
-0.7519582775234841
-0.7460988623739504
-0.7421925856075945
-0.7363331704580609
-0.7324268936917051
-0.7265674785421715
-0.7226612017758156
-0.716801786626282
-0.7128955098599263
-0.7070360947103927
-0.703129817944037
-0.6972704027945034
-0.6933641260281475
-0.6875047108786139
-0.6835984341122582
-0.6796921573459024
-0.6738327421963687
-0.6699264654300129
-0.6640670502804793
-0.6601607735141236
-0.65430135836459
-0.6503950815982341
-0.6445356664487005
-0.6406293896823447
-0.6347699745328111
-0.6308636977664555
-0.6250042826169219
-0.621098005850566
-0.6152385907010323
-0.6113323139346766
-0.6054728987851429
-0.6015666220187872
-0.5976603452524314
-0.5918009301028978
-0.587894653336542
-0.5820352381870084
-0.5781289614206526
-0.572269546271119
-0.5683632695047632
-0.5625038543552296
-0.5585975775888739
-0.5527381624393402
-0.5488318856729845
-0.5429724705234508
-0.539066193757095
-0.5332067786075613
-0.5293005018412056
-0.5253942250748499
-0.5195348099253163
-0.5156285331589604
-0.5097691180094268
-0.505862841243071
-0.5000034260935373
-0.49609714932718163
-0.490237734177648
-0.4863314574112922
-0.4804720422617586
-0.4765657654954028
-0.47070635034586916
-0.4668000735795134
-0.4609406584299798
-0.45703438166362403
-0.4511749665140904
-0.4472686897477346
-0.4433624129813789
-0.4375029978318452
-0.43359672106548947
-0.4277373059159558
-0.4238310291496
-0.41797161400006644
-0.41406533723371064
-0.408205922084177
-0.4042996453178212
-0.39844023016828756
-0.39453395340193187
-0.3886745382523982
-0.3847682614860425
-0.37890884633650884
-0.37500256957015304
-0.37109629280379725
-0.36523687765426366
-0.3613306008879078
-0.35547118573837416
-0.3515649089720185
-0.34570549382248483
-0.3417992170561291
-0.33593980190659545
-0.33203352514023965
-0.326174109990706
-0.32226783322435026
-0.3164084180748166
-0.31250214130846093
-0.30664272615892724
-0.30273644939257144
-0.29687703424303785
-0.29297075747668205
-0.2890644807103263
-0.28320506556079267
-0.2792987887944369
-0.2734393736449033
-0.2695330968785475
-0.26367368172901384
-0.25976740496265815
-0.25390798981312446
-0.25000171304676866
-0.24414229789723504
-0.2402360211308793
-0.23437660598134566
-0.2304703292149899
-0.22461091406545627
-0.22070463729910048
-0.21679836053274473
-0.2109389453832111
-0.20703266861685532
-0.20117325346732168
-0.19726697670096593
-0.19140756155143226
-0.18750128478507652
-0.18164186963554288
-0.17773559286918708
-0.17187617771965347
-0.16796990095329772
-0.16211048580376408
-0.1582042090374083
-0.15234479388787467
-0.14843851712151893
-0.14257910197198528
-0.1386728252056295
-0.13476654843927374
-0.1289071332897401
-0.12500085652338433
-0.1191414413738507
-0.11523516460749494
-0.1093757494579613
-0.10546947269160555
-0.09961005754207189
-0.09570378077571613
-0.0898443656261825
-0.08593808885982673
-0.08007867371029309
-0.07617239694393733
-0.0703129817944037
-0.06640670502804794
-0.06250042826169216
-0.05664101311215853
-0.05273473634580277
-0.04687532119626913
-0.04296904442991337
-0.03710962928037973
-0.03320335251402397
-0.027343937364490326
-0.023437660598134565
-0.017578245448600927
-0.013671968682245163
-0.00781255353271152
-0.00390627676635576
0.0
