# File generated by CMD 3.8 (http://stev.oapd.inaf.it/cmd) on Fri Apr 25 20:57:46 UTC 2025
# PARSEC isochrones, release v1.1 (Bressan et al. 2012)
# Basic reference: Bressan et al. (2012), MNRAS, 427, 127
# Thermal pulse cycles included 
# On RGB, assumed Reimers mass loss with efficiency eta=0.2
# LPV periods and growth rates added cf. Trabucchi et al. (2019)
# but fundamental-mode LPV periods + transition are from Trabucchi et al. (2021)
# Photometric system: Gaia EDR3 (all Vegamags, Gaia passbands from ESA/Gaia website)
# Using OBC version of bolometric corrections as detailed in Marigo et al. (2008, A&A 482, 883) and Girardi et al. (2008, PASP 120, 583
# O-rich circumstellar dust ignored
# C-rich circumstellar dust ignored
# IMF: Kroupa (2001, 2002) + Kroupa et al. (2013) canonical two-part-power law IMF corrected for unresolved binaries 
# Kind of output: isochrone tables
# Zini     MH   logAge Mini        int_IMF         Mass   logL    logTe  logg  label 	 mbolmag  Gmag    G_BPmag  G_RPmag
0.00031003 -1.70000 10.07918 0.1000000015 1.1711064122    0.100 -2.701  3.5918  5.459    0 11.524 11.837 12.643 10.962
0.00031003 -1.70000 10.07918 0.1117973626 1.2627198804    0.112 -2.510  3.6084  5.382    0 11.046 11.286 12.007 10.460
0.00031003 -1.70000 10.07918 0.1186959743 1.3106599319    0.119 -2.408  3.6174  5.341    0 10.789 11.004 11.693 10.199
0.00031003 -1.70000 10.07918 0.1373919547 1.4242126363    0.137 -2.228  3.6288  5.270    0 10.339 10.520 11.169 9.743
0.00031003 -1.70000 10.07918 0.1560879350 1.5192676579    0.156 -2.090  3.6358  5.216    0 9.996 10.156 10.781 9.395
0.00031003 -1.70000 10.07918 0.1934798956 1.6712788181    0.193 -1.887  3.6447  5.141    0 9.489 9.622 10.218 8.882
0.00031003 -1.70000 10.07918 0.2402198315 1.8148502784    0.239 -1.704  3.6522  5.082    0 9.030 9.141 9.712 8.419
0.00031003 -1.70000 10.07918 0.2869597673 1.9260357596    0.286 -1.563  3.6581  5.042    0 8.678 8.773 9.326 8.065
0.00031003 -1.70000 10.07918 0.3336997032 2.0158629907    0.333 -1.448  3.6632  5.013    0 8.391 8.472 9.011 7.777
0.00031003 -1.70000 10.07918 0.3804396689 2.0906623968    0.380 -1.346  3.6679  4.987    0 8.135 8.204 8.729 7.521
0.00031003 -1.70000 10.07918 0.3973351717 2.1148148880    0.396 -1.302  3.6704  4.972    0 8.025 8.089 8.606 7.411
0.00031003 -1.70000 10.07918 0.4271795750 2.1543777215    0.426 -1.231  3.6744  4.948    0 7.846 7.901 8.407 7.234
0.00031003 -1.70000 10.07918 0.4300793707 2.1580296560    0.429 -1.223  3.6750  4.945    0 7.827 7.880 8.384 7.214
0.00031003 -1.70000 10.07918 0.4426653385 2.1735170005    0.442 -1.188  3.6775  4.933    0 7.740 7.788 8.284 7.127
0.00031003 -1.70000 10.07918 0.4566261768 2.1900401084    0.456 -1.149  3.6803  4.919    0 7.642 7.684 8.172 7.030
0.00031003 -1.70000 10.07918 0.4714419246 2.2068716408    0.471 -1.107  3.6833  4.903    0 7.537 7.572 8.052 6.926
0.00031003 -1.70000 10.07918 0.4739195406 2.2096192626    0.473 -1.100  3.6838  4.900    0 7.519 7.553 8.032 6.908
0.00031003 -1.70000 10.07918 0.4943552017 2.2315920750    0.494 -1.030  3.6901  4.873    0 7.344 7.366 7.828 6.735
0.00031003 -1.70000 10.07918 0.5136634707 2.2511095342    0.513 -0.964  3.6960  4.848    0 7.179 7.190 7.636 6.572
0.00031003 -1.70000 10.07918 0.5229228735 2.2598984014    0.522 -0.932  3.6989  4.835    0 7.100 7.107 7.546 6.496
0.00031003 -1.70000 10.07918 0.5384126306 2.2738267347    0.538 -0.871  3.7052  4.812    0 6.947 6.946 7.370 6.349
0.00031003 -1.70000 10.07918 0.5602165461 2.2919398034    0.559 -0.785  3.7141  4.779    0 6.731 6.720 7.123 6.142
0.00031003 -1.70000 10.07918 0.5719262362 2.3010144582    0.571 -0.738  3.7189  4.760    0 6.614 6.598 6.990 6.031
0.00031003 -1.70000 10.07918 0.5743981004 2.3028757677    0.573 -0.728  3.7201  4.757    0 6.589 6.572 6.960 6.007
0.00031003 -1.70000 10.07918 0.5909319520 2.3148666398    0.590 -0.660  3.7281  4.733    0 6.419 6.396 6.766 5.849
0.00031003 -1.70000 10.07918 0.6060003042 2.3251418693    0.605 -0.597  3.7354  4.711    0 6.263 6.236 6.590 5.706
0.00031003 -1.70000 10.07918 0.6197949052 2.3340465062    0.619 -0.539  3.7422  4.690    0 6.119 6.091 6.430 5.575
0.00031003 -1.70000 10.07918 0.6209295988 2.3347587431    0.620 -0.535  3.7427  4.688    0 6.107 6.079 6.417 5.564
0.00031003 -1.70000 10.07918 0.6323818564 2.3417829932    0.632 -0.484  3.7487  4.670    0 5.981 5.953 6.279 5.451
0.00031003 -1.70000 10.07918 0.6432322860 2.3481734358    0.642 -0.436  3.7544  4.652    0 5.861 5.833 6.147 5.343
0.00031003 -1.70000 10.07918 0.6557059288 2.3552201903    0.655 -0.380  3.7608  4.629    0 5.720 5.693 5.995 5.217
0.00031003 -1.70000 10.07918 0.6670220494 2.3613515140    0.666 -0.328  3.7665  4.608    0 5.591 5.565 5.855 5.101
0.00031003 -1.70000 10.07918 0.6699329615 2.3628902417    0.669 -0.315  3.7679  4.602    0 5.557 5.532 5.819 5.071
0.00031003 -1.70000 10.07918 0.6769136190 2.3665183322    0.676 -0.282  3.7712  4.587    0 5.475 5.450 5.732 4.996
0.00031003 -1.70000 10.07918 0.6888025403 2.3725031890    0.688 -0.224  3.7767  4.559    0 5.330 5.308 5.579 4.865
0.00031003 -1.70000 10.07918 0.6999667287 2.3779108834    0.699 -0.168  3.7818  4.530    0 5.190 5.169 5.431 4.737
0.00031003 -1.70000 10.07918 0.7101902366 2.3826918133    0.709 -0.114  3.7863  4.500    0 5.055 5.036 5.290 4.613
0.00031003 -1.70000 10.07918 0.7189363241 2.3866579759    0.718 -0.066  3.7901  4.473    0 4.934 4.916 5.164 4.501
0.00031003 -1.70000 10.07918 0.7192515731 2.3867988647    0.718 -0.064  3.7903  4.472    0 4.930 4.911 5.159 4.497
0.00031003 -1.70000 10.07918 0.7279409766 2.3906270941    0.727 -0.013  3.7941  4.441    0 4.803 4.785 5.026 4.379
0.00031003 -1.70000 10.07918 0.7357572913 2.3939819805    0.735  0.035  3.7975  4.411    0 4.682 4.664 4.900 4.265
0.00031003 -1.70000 10.07918 0.7429407239 2.3969937441    0.742  0.083  3.8005  4.380    0 4.563 4.545 4.776 4.153
0.00031003 -1.70000 10.07918 0.7498993278 2.3998480612    0.749  0.131  3.8034  4.346    0 4.441 4.423 4.649 4.037
0.00031003 -1.70000 10.07918 0.7584969997 2.4032916545    0.757  0.197  3.8066  4.299    0 4.278 4.259 4.480 3.880
0.00031003 -1.70000 10.07918 0.7643799186 2.4055966534    0.763  0.245  3.8086  4.262    0 4.157 4.137 4.355 3.763
0.00031003 -1.70000 10.07918 0.7679396868 2.4069717078    0.767  0.276  3.8096  4.237    0 4.080 4.060 4.276 3.688
0.00031003 -1.70000 10.07918 0.7734246850 2.4090619659    0.772  0.326  3.8111  4.196    0 3.955 3.934 4.147 3.566
0.00031003 -1.70000 10.07918 0.7772360444 2.4104944616    0.776  0.363  3.8117  4.163    0 3.862 3.840 4.052 3.473
0.00031003 -1.70000 10.07918 0.7785550356 2.4109864480    0.777  0.377  3.8116  4.150    0 3.827 3.804 4.017 3.438
0.00031003 -1.70000 10.07918 0.7836658955 2.4128748347    0.782  0.436  3.8102  4.088    0 3.680 3.656 3.870 3.288
0.00031003 -1.70000 10.07918 0.7875348926 2.4142856415    0.786  0.487  3.8072  4.027    0 3.552 3.527 3.745 3.152
0.00031003 -1.70000 10.07918 0.7881930470 2.4145240490    0.787  0.497  3.8063  4.014    0 3.528 3.502 3.721 3.127
0.00031003 -1.70000 10.07918 0.7888511419 2.4147619774    0.787  0.507  3.8052  4.000    0 3.502 3.476 3.696 3.098
0.00031003 -1.70000 10.07918 0.7910658121 2.4155593294    0.789  0.545  3.8002  3.943    0 3.407 3.379 3.607 2.992
0.00031003 -1.70000 10.07918 0.7927622199 2.4161666264    0.791  0.579  3.7942  3.886    0 3.323 3.294 3.531 2.895
0.00031003 -1.70000 10.07918 0.7940919399 2.4166405673    0.792  0.609  3.7871  3.828    0 3.248 3.218 3.466 2.805
0.00031003 -1.70000 10.07918 0.7951646447 2.4170215743    0.793  0.636  3.7794  3.771    0 3.180 3.151 3.411 2.722
0.00031003 -1.70000 10.07918 0.7960650921 2.4173404868    0.794  0.660  3.7717  3.716    0 3.119 3.091 3.364 2.645
0.00031003 -1.70000 10.07918 0.7968597412 2.4176212402    0.795  0.685  3.7642  3.662    0 3.057 3.030 3.317 2.570
0.00031003 -1.70000 10.07918 0.7975650430 2.4178698880    0.795  0.712  3.7573  3.608    0 2.989 2.964 3.263 2.489
0.00031003 -1.70000 10.07918 0.7982636690 2.4181156842    0.796  0.748  3.7509  3.547    0 2.900 2.877 3.188 2.389
0.00031003 -1.70000 10.07918 0.7988152504 2.4183093967    0.797  0.784  3.7467  3.494    0 2.809 2.788 3.107 2.291
0.00031003 -1.70000 10.07918 0.7991923690 2.4184416618    0.797  0.813  3.7442  3.455    0 2.739 2.718 3.042 2.216
0.00031003 -1.70000 10.07918 0.7993643880 2.4185019456    0.797  0.827  3.7432  3.437    0 2.702 2.681 3.007 2.178
0.00031003 -1.70000 10.07918 0.7998259068 2.4186635368    0.798  0.869  3.7409  3.387    0 2.598 2.579 2.909 2.070
0.00031003 -1.70000 10.07918 0.8003308177 2.4188400755    0.798  0.918  3.7386  3.328    0 2.475 2.456 2.791 1.943
0.00031003 -1.70000 10.07918 0.8007595539 2.4189897792    0.798  0.963  3.7368  3.277    0 2.363 2.345 2.683 1.828
0.00031003 -1.70000 10.07918 0.8011693358 2.4191326923    0.799  1.009  3.7352  3.224    0 2.248 2.231 2.572 1.711
0.00031003 -1.70000 10.07918 0.8015856743 2.4192777199    0.799  1.059  3.7336  3.168    0 2.123 2.107 2.451 1.584
0.00031003 -1.70000 10.07918 0.8019683361 2.4194108639    0.799  1.109  3.7320  3.112    0 1.999 1.984 2.331 1.457
0.00031003 -1.70000 10.07918 0.8023118973 2.4195302788    0.800  1.157  3.7305  3.058    0 1.878 1.864 2.214 1.334
0.00031003 -1.70000 10.07918 0.8026123643 2.4196346186    0.800  1.203  3.7291  3.007    0 1.763 1.750 2.103 1.218
0.00031003 -1.70000 10.07918 0.8029050827 2.4197361813    0.800  1.252  3.7277  2.952    0 1.641 1.629 1.985 1.093
0.00031003 -1.70000 10.07918 0.8031858802 2.4198335279    0.800  1.303  3.7261  2.895    0 1.513 1.502 1.862 0.963
0.00031003 -1.70000 10.07918 0.8034213781 2.4199151097    0.800  1.349  3.7246  2.842    0 1.396 1.386 1.749 0.844
0.00031003 -1.70000 10.07918 0.8036361933 2.4199894786    0.800  1.396  3.7231  2.790    0 1.280 1.271 1.638 0.726
0.00031003 -1.70000 10.07918 0.8038381934 2.4200593692    0.800  1.444  3.7215  2.736    0 1.161 1.153 1.524 0.605
0.00031003 -1.70000 10.07918 0.8040168285 2.4201211421    0.800  1.490  3.7199  2.683    0 1.046 1.040 1.414 0.488
0.00031003 -1.70000 10.07918 0.8041867018 2.4201798558    0.800  1.538  3.7182  2.629    0 0.926 0.922 1.299 0.366
0.00031003 -1.70000 10.07918 0.8043364286 2.4202315826    0.800  1.584  3.7166  2.576    0 0.810 0.808 1.190 0.248
0.00031003 -1.70000 10.07918 0.8044697642 2.4202776280    0.800  1.629  3.7150  2.524    0 0.699 0.698 1.084 0.135
0.00031003 -1.70000 10.07918 0.8045967817 2.4203214752    0.800  1.675  3.7132  2.471    0 0.582 0.584 0.974 0.016
0.00031003 -1.70000 10.07918 0.8047117591 2.4203611524    0.800  1.721  3.7115  2.418    0 0.468 0.471 0.865 -0.101
0.00031003 -1.70000 10.07918 0.8048129678 2.4203960673    0.800  1.765  3.7098  2.367    0 0.357 0.362 0.761 -0.213
0.00031003 -1.70000 10.07918 0.8049059510 2.4204281358    0.800  1.809  3.7080  2.316    0 0.248 0.255 0.659 -0.325
0.00031003 -1.70000 10.07918 0.8049959540 2.4204591683    0.799  1.855  3.7062  2.263    0 0.133 0.143 0.551 -0.441
0.00031003 -1.70000 10.07918 0.8050747514 2.4204863307    0.799  1.898  3.7044  2.212    0 0.024 0.037 0.450 -0.552
0.00031003 -1.70000 10.07918 0.8051472306 2.4205113097    0.799  1.942  3.7026  2.161    0 -0.084 -0.068 0.350 -0.662
0.00031003 -1.70000 10.07918 0.8052158356 2.4205349487    0.799  1.986  3.7007  2.110    0 -0.194 -0.176 0.248 -0.774
0.00031003 -1.70000 10.07918 0.8052762151 2.4205557497    0.799  2.027  3.6989  2.061    0 -0.297 -0.276 0.153 -0.878
0.00031003 -1.70000 10.07918 0.8053343892 2.4205757875    0.798  2.068  3.6971  2.012    0 -0.400 -0.375 0.058 -0.983
0.00031003 -1.70000 10.07918 0.8053947687 2.4205965814    0.798  2.108  3.6953  1.965    0 -0.500 -0.472 -0.034 -1.084
0.00031003 -1.70000 10.07918 0.8054487705 2.4206151759    0.797  2.131  3.6944  1.938    0 -0.557 -0.528 -0.086 -1.142
0.00031003 -1.70000 10.07918 0.8054894209 2.4206291712    0.797  2.117  3.6953  1.955    0 -0.524 -0.496 -0.057 -1.108
0.00031003 -1.70000 10.07918 0.8054978251 2.4206320644    0.797  2.125  3.6949  1.946    0 -0.543 -0.515 -0.075 -1.128
0.00031003 -1.70000 10.07918 0.8055412173 2.4206470015    0.797  2.168  3.6929  1.895    0 -0.650 -0.618 -0.172 -1.236
0.00031003 -1.70000 10.07918 0.8055813313 2.4206608085    0.796  2.210  3.6909  1.845    0 -0.755 -0.719 -0.266 -1.342
0.00031003 -1.70000 10.07918 0.8056198359 2.4206740600    0.796  2.253  3.6888  1.793    0 -0.863 -0.822 -0.362 -1.451
0.00031003 -1.70000 10.07918 0.8056523800 2.4206852591    0.795  2.292  3.6869  1.746    0 -0.960 -0.915 -0.449 -1.550
0.00031003 -1.70000 10.07918 0.8056836724 2.4206960265    0.795  2.332  3.6849  1.698    0 -1.061 -1.011 -0.539 -1.651
0.00031003 -1.70000 10.07918 0.8057115078 2.4207056036    0.794  2.370  3.6829  1.651    0 -1.156 -1.101 -0.623 -1.748
0.00031003 -1.70000 10.07918 0.8057376146 2.4207145852    0.794  2.409  3.6809  1.605    0 -1.252 -1.192 -0.707 -1.844
0.00031003 -1.70000 10.07918 0.8057619929 2.4207229715    0.793  2.447  3.6789  1.558    0 -1.347 -1.282 -0.789 -1.939
0.00031003 -1.70000 10.07918 0.8057889938 2.4207322594    0.792  2.492  3.6764  1.502    0 -1.461 -1.388 -0.887 -2.053
0.00031003 -1.70000 10.07918 0.8058094382 2.4207392914    0.792  2.529  3.6744  1.457    0 -1.553 -1.475 -0.966 -2.146
0.00031003 -1.70000 10.07918 0.8058319688 2.4207470406    0.791  2.573  3.6720  1.403    0 -1.662 -1.576 -1.057 -2.255
0.00031003 -1.70000 10.07918 0.8058528304 2.4207542152    0.790  2.616  3.6695  1.349    0 -1.771 -1.678 -1.148 -2.364
0.00031003 -1.70000 10.07918 0.8058727980 2.4207610820    0.789  2.661  3.6669  1.294    0 -1.883 -1.781 -1.241 -2.476
0.00031003 -1.70000 10.07918 0.8058893085 2.4207667597    0.787  2.701  3.6646  1.244    0 -1.982 -1.872 -1.321 -2.575
0.00031003 -1.70000 10.07918 0.8059058785 2.4207724575    0.786  2.744  3.6620  1.190    0 -2.089 -1.970 -1.407 -2.681
0.00031003 -1.70000 10.07918 0.8059204221 2.4207774583    0.785  2.784  3.6595  1.139    0 -2.190 -2.061 -1.487 -2.781
0.00031003 -1.70000 10.07918 0.8059338927 2.4207820900    0.783  2.824  3.6571  1.088    0 -2.290 -2.151 -1.566 -2.880
0.00031003 -1.70000 10.07918 0.8059464693 2.4207864141    0.782  2.864  3.6545  1.038    0 -2.389 -2.241 -1.643 -2.979
0.00031003 -1.70000 10.07918 0.8059575558 2.4207902257    0.780  2.901  3.6522  0.990    0 -2.483 -2.323 -1.713 -3.070
0.00031003 -1.70000 10.07918 0.8059684038 2.4207939552    0.778  2.940  3.6497  0.940    0 -2.580 -2.408 -1.784 -3.163
0.00031003 -1.70000 10.07918 0.8059780002 2.4207972544    0.776  2.976  3.6473  0.893    0 -2.671 -2.486 -1.848 -3.251
0.00031003 -1.70000 10.07918 0.8059868813 2.4208003075    0.774  3.012  3.6449  0.847    0 -2.760 -2.563 -1.911 -3.337
0.00031003 -1.70000 10.07918 0.8059957027 2.4208033401    0.772  3.050  3.6424  0.798    0 -2.854 -2.642 -1.976 -3.427
0.00031003 -1.70000 10.07918 0.8060030937 2.4208058808    0.770  3.083  3.6402  0.754    0 -2.937 -2.713 -2.033 -3.507
0.00031003 -1.70000 10.07918 0.8060107231 2.4208085035    0.767  3.119  3.6378  0.707    0 -3.027 -2.788 -2.092 -3.592
0.00031003 -1.70000 10.07918 0.8060176373 2.4208108802    0.765  3.153  3.6354  0.662    0 -3.113 -2.859 -2.148 -3.673
0.00031003 -1.70000 10.07918 0.8060240746 2.4208130930    0.762  3.187  3.6331  0.617    0 -3.198 -2.928 -2.202 -3.752
0.00031003 -1.70000 10.07918 0.8060302138 2.4208152033    0.759  3.221  3.6308  0.572    0 -3.282 -2.998 -2.255 -3.831
0.00031003 -1.70000 10.07918 0.8060359359 2.4208171701    0.755  3.253  3.6286  0.529    0 -3.363 -3.064 -2.306 -3.907
0.00031003 -1.70000 10.07918 0.8060423136 2.4208193623    0.742  1.705  3.8247  2.855    4 0.508 0.427 0.602 0.116
0.00031003 -1.70000 10.07918 0.8060435653 2.4208197925    0.742  1.712  3.8178  2.820    4 0.491 0.411 0.597 0.084
0.00031003 -1.70000 10.07918 0.8061012030 2.4208396021    0.742  1.723  3.8150  2.797    4 0.462 0.382 0.573 0.049
0.00031003 -1.70000 10.07918 0.8061572313 2.4208588555    0.742  1.725  3.8153  2.797    4 0.457 0.378 0.568 0.045
0.00031003 -1.70000 10.07918 0.8062143922 2.4208784949    0.742  1.726  3.8163  2.800    4 0.456 0.376 0.565 0.046
0.00031003 -1.70000 10.07918 0.8062711358 2.4208979877    0.742  1.726  3.8174  2.804    4 0.456 0.376 0.562 0.048
0.00031003 -1.70000 10.07918 0.8063244820 2.4209163106    0.742  1.725  3.8187  2.810    4 0.456 0.376 0.560 0.051
0.00031003 -1.70000 10.07918 0.8063769341 2.4209343237    0.742  1.725  3.8201  2.816    4 0.457 0.376 0.559 0.055
0.00031003 -1.70000 10.07918 0.8064299226 2.4209525182    0.742  1.724  3.8215  2.822    4 0.459 0.377 0.557 0.059
0.00031003 -1.70000 10.07918 0.8064854145 2.4209715694    0.742  1.724  3.8230  2.829    4 0.460 0.378 0.556 0.064
0.00031003 -1.70000 10.07918 0.8065400720 2.4209903311    0.742  1.723  3.8244  2.834    4 0.462 0.379 0.555 0.068
0.00031003 -1.70000 10.07918 0.8065963984 2.4210096627    0.742  1.723  3.8254  2.839    4 0.462 0.380 0.554 0.071
0.00031003 -1.70000 10.07918 0.8066522479 2.4210288276    0.742  1.723  3.8262  2.842    4 0.463 0.380 0.553 0.073
0.00031003 -1.70000 10.07918 0.8067073822 2.4210477440    0.742  1.723  3.8265  2.843    4 0.462 0.380 0.552 0.074
0.00031003 -1.70000 10.07918 0.8067607880 2.4210660645    0.742  1.723  3.8264  2.842    4 0.462 0.379 0.551 0.073
0.00031003 -1.70000 10.07918 0.8067841530 2.4210740788    0.742  1.724  3.8263  2.842    4 0.461 0.378 0.551 0.072
0.00031003 -1.70000 10.07918 0.8067902923 2.4210761846    0.742  1.724  3.8262  2.841    4 0.461 0.378 0.551 0.071
0.00031003 -1.70000 10.07918 0.8068436384 2.4210944803    0.742  1.725  3.8252  2.836    4 0.458 0.376 0.550 0.067
0.00031003 -1.70000 10.07918 0.8068990707 2.4211134886    0.742  1.726  3.8236  2.829    4 0.455 0.373 0.550 0.060
0.00031003 -1.70000 10.07918 0.8069514632 2.4211314517    0.742  1.728  3.8216  2.819    4 0.451 0.369 0.549 0.052
0.00031003 -1.70000 10.07918 0.8070040941 2.4211494939    0.742  1.730  3.8190  2.807    4 0.446 0.365 0.549 0.041
0.00031003 -1.70000 10.07918 0.8070566654 2.4211675130    0.742  1.732  3.8158  2.791    4 0.440 0.360 0.550 0.029
0.00031003 -1.70000 10.07918 0.8071083426 2.4211852229    0.742  1.735  3.8120  2.774    4 0.433 0.354 0.550 0.014
0.00031003 -1.70000 10.07918 0.8071609139 2.4212032366    0.742  1.738  3.8079  2.754    4 0.425 0.347 0.550 -0.003
0.00031003 -1.70000 10.07918 0.8071705699 2.4212065449    0.742  1.739  3.8070  2.750    4 0.423 0.346 0.550 -0.006
0.00031003 -1.70000 10.07918 0.8071980476 2.4212159589    0.742  1.741  3.8046  2.738    4 0.418 0.342 0.550 -0.015
0.00031003 -1.70000 10.07918 0.8072504401 2.4212339068    0.742  1.745  3.7997  2.715    4 0.408 0.334 0.550 -0.035
0.00031003 -1.70000 10.07918 0.8073034286 2.4212520561    0.742  1.749  3.7946  2.690    4 0.397 0.325 0.550 -0.056
0.00031003 -1.70000 10.07918 0.8073554039 2.4212698556    0.742  1.754  3.7894  2.664    4 0.385 0.315 0.549 -0.077
0.00031003 -1.70000 10.07918 0.8074053526 2.4212869587    0.742  1.759  3.7846  2.639    4 0.372 0.305 0.547 -0.099
0.00031003 -1.70000 10.07918 0.8074547648 2.4213038757    0.742  1.765  3.7802  2.616    4 0.359 0.294 0.544 -0.120
0.00031003 -1.70000 10.07918 0.8075042963 2.4213208311    0.742  1.770  3.7759  2.594    4 0.344 0.282 0.540 -0.141
0.00031003 -1.70000 10.07918 0.8075547814 2.4213381105    0.741  1.776  3.7722  2.573    4 0.330 0.270 0.535 -0.162
0.00031003 -1.70000 10.07918 0.8076050282 2.4213553058    0.741  1.782  3.7687  2.553    4 0.314 0.257 0.528 -0.183
0.00031003 -1.70000 10.07918 0.8076547384 2.4213723152    0.741  1.789  3.7654  2.532    4 0.297 0.242 0.519 -0.206
0.00031003 -1.70000 10.07918 0.8076955080 2.4213862635    0.741  1.792  3.7645  2.526    4 0.290 0.235 0.515 -0.214
0.00031003 -1.70000 10.07918 0.8077345490 2.4213996189    0.741  1.799  3.7613  2.506    4 0.273 0.221 0.506 -0.236
0.00031003 -1.70000 10.07918 0.8077864647 2.4214173762    0.741  1.813  3.7566  2.473    4 0.238 0.189 0.483 -0.278
0.00031003 -1.70000 10.07918 0.8078362942 2.4214344176    0.741  1.841  3.7497  2.418    4 0.168 0.124 0.432 -0.359
0.00031003 -1.70000 10.07918 0.8078635931 2.4214437526    0.741  1.873  3.7429  2.358    4 0.087 0.048 0.370 -0.450
0.00031003 -1.70000 10.07918 0.8078776598 2.4214485625    0.741  1.909  3.7363  2.295    4 -0.004 -0.037 0.299 -0.550
0.00031003 -1.70000 10.07918 0.8078840375 2.4214507432    0.741  1.948  3.7302  2.233    4 -0.099 -0.126 0.224 -0.653
0.00031003 -1.70000 10.07918 0.8078870177 2.4214517622    0.741  1.986  3.7250  2.174    4 -0.196 -0.217 0.145 -0.757
0.00031003 -1.70000 10.07918 0.8078885078 2.4214522717    0.741  2.022  3.7210  2.122    4 -0.285 -0.301 0.071 -0.850
0.00031003 -1.70000 10.07918 0.8078885674 2.4214522920    0.741  2.025  3.7206  2.117    4 -0.294 -0.309 0.063 -0.860
0.00031003 -1.70000 10.07918 0.8078886271 2.4214523124    0.741  2.026  3.7206  2.116    4 -0.295 -0.310 0.063 -0.860
0.00031003 -1.70000 10.07918 0.8078896403 2.4214526589    0.741  2.063  3.7171  2.065    4 -0.389 -0.399 -0.018 -0.958
0.00031003 -1.70000 10.07918 0.8078906536 2.4214530053    0.741  2.103  3.7138  2.012    4 -0.487 -0.493 -0.103 -1.059
0.00031003 -1.70000 10.07918 0.8078922629 2.4214535556    0.741  2.152  3.7100  1.948    4 -0.610 -0.611 -0.211 -1.187
0.00031003 -1.70000 10.07918 0.8079052567 2.4214579983    0.741  2.132  3.7118  1.974    4 -0.561 -0.564 -0.169 -1.136
0.00031003 -1.70000 10.07918 0.8079445958 2.4214714476    0.741  2.177  3.7079  1.914    4 -0.673 -0.671 -0.265 -1.253
0.00031003 -1.70000 10.07918 0.8079614043 2.4214771937    0.740  2.215  3.7050  1.864    4 -0.768 -0.761 -0.347 -1.350
0.00031003 -1.70000 10.07918 0.8079807758 2.4214838156    0.740  2.262  3.7016  1.803    4 -0.886 -0.873 -0.449 -1.471
0.00031003 -1.70000 10.07918 0.8079982996 2.4214898055    0.740  2.307  3.6985  1.746    4 -0.998 -0.980 -0.547 -1.586
0.00031003 -1.70000 10.07918 0.8080137372 2.4214950822    0.740  2.349  3.6956  1.693    4 -1.102 -1.079 -0.637 -1.693
0.00031003 -1.70000 10.07918 0.8080276251 2.4214998289    0.739  2.390  3.6928  1.640    4 -1.205 -1.175 -0.725 -1.797
0.00031003 -1.70000 10.07918 0.8080398440 2.4215040050    0.739  2.431  3.6901  1.588    4 -1.307 -1.271 -0.812 -1.900
0.00031003 -1.70000 10.07918 0.8080506325 2.4215076921    0.739  2.471  3.6874  1.537    4 -1.407 -1.365 -0.898 -2.001
0.00031003 -1.70000 10.07918 0.8080603480 2.4215110125    0.738  2.511  3.6848  1.487    4 -1.507 -1.458 -0.982 -2.102
0.00031003 -1.70000 10.07918 0.8080691099 2.4215140068    0.738  2.550  3.6821  1.437    4 -1.605 -1.550 -1.064 -2.202
0.00031003 -1.70000 10.07918 0.8080771565 2.4215167567    0.738  2.589  3.6795  1.387    4 -1.702 -1.639 -1.144 -2.299
0.00031003 -1.70000 10.07918 0.8080846667 2.4215193231    0.737  2.628  3.6768  1.337    4 -1.800 -1.729 -1.223 -2.397
0.00031003 -1.70000 10.07918 0.8080915809 2.4215216858    0.737  2.666  3.6742  1.288    4 -1.895 -1.816 -1.300 -2.493
0.00031003 -1.70000 10.07918 0.8080982566 2.4215239670    0.736  2.704  3.6715  1.239    4 -1.990 -1.903 -1.376 -2.588
0.00031003 -1.70000 10.07918 0.8081046939 2.4215261667    0.736  2.742  3.6688  1.190    4 -2.085 -1.990 -1.452 -2.683
0.00031003 -1.70000 10.07918 0.8081109524 2.4215283053    0.735  2.781  3.6661  1.140    4 -2.182 -2.077 -1.527 -2.779
0.00031003 -1.70000 10.07918 0.8081167340 2.4215302809    0.734  2.820  3.6633  1.089    4 -2.280 -2.164 -1.602 -2.876
0.00031003 -1.70000 10.07918 0.8081219196 2.4215320528    0.734  2.860  3.6604  1.037    4 -2.381 -2.254 -1.678 -2.976
0.00031003 -1.70000 10.07918 0.8081264496 2.4215336006    0.733  2.902  3.6574  0.983    4 -2.484 -2.345 -1.755 -3.078
0.00031003 -1.70000 10.07918 0.8081297874 2.4215347411    0.732  2.939  3.6546  0.934    4 -2.578 -2.429 -1.823 -3.171
0.00031003 -1.70000 10.07918 0.8081327081 2.4215357390    0.732  2.975  3.6519  0.887    4 -2.667 -2.504 -1.885 -3.257
0.00031003 -1.70000 10.07918 0.8081356883 2.4215367573    0.731  3.012  3.6491  0.838    4 -2.760 -2.582 -1.947 -3.346
0.00031003 -1.70000 10.07918 0.8081381917 2.4215376126    0.730  3.047  3.6464  0.793    4 -2.846 -2.654 -2.004 -3.428
0.00031003 -1.70000 10.07918 0.8081398010 2.4215381625    0.730  3.078  3.6438  0.750    4 -2.925 -2.719 -2.053 -3.503
0.00031003 -1.70000 10.07918 0.8081402183 2.4215383051    0.730  3.098  3.6421  0.724    4 -2.975 -2.760 -2.084 -3.550
0.00031003 -1.70000 10.07918 0.8081403375 2.4215383458    0.729  3.019  3.6491  0.831    4 -2.777 -2.599 -1.964 -3.363
0.00031003 -1.70000 10.07918 0.8081403971 2.4215383662    0.729  3.059  3.6456  0.776    4 -2.878 -2.682 -2.026 -3.459
0.00031003 -1.70000 10.07918 0.8081404567 2.4215383865    0.729  3.083  3.6436  0.744    4 -2.938 -2.731 -2.064 -3.516
0.00031003 -1.70000 10.07918 0.8081406355 2.4215384476    0.729  3.068  3.6450  0.765    4 -2.901 -2.701 -2.042 -3.481
0.00031003 -1.70000 10.07918 0.8081407547 2.4215384883    0.729  3.086  3.6435  0.741    4 -2.945 -2.737 -2.070 -3.522
0.00031003 -1.70000 10.07918 0.8081409335 2.4215385494    0.729  3.103  3.6421  0.718    4 -2.988 -2.772 -2.096 -3.563
0.00031003 -1.70000 10.07918 0.8081411123 2.4215386105    0.729  3.122  3.6405  0.693    4 -3.035 -2.810 -2.125 -3.608
0.00031003 -1.70000 10.07918 0.8081413507 2.4215386920    0.729  3.133  3.6394  0.677    4 -3.062 -2.832 -2.140 -3.633
0.00031003 -1.70000 10.07918 0.8081419468 2.4215388956    0.729  3.121  3.6401  0.692    4 -3.032 -2.805 -2.117 -3.603
0.00031003 -1.70000 10.07918 0.8081420660 2.4215389364    0.729  3.177  3.6349  0.616    4 -3.172 -2.913 -2.194 -3.731
0.00031003 -1.70000 10.07918 0.8081421256 2.4215389567    0.729  3.117  3.6405  0.697    4 -3.024 -2.799 -2.114 -3.596
0.00031003 -1.70000 10.07918 0.8081421852 2.4215389771    0.729  3.120  3.6403  0.693    4 -3.030 -2.805 -2.118 -3.603
0.00031003 -1.70000 10.07918 0.8081422448 2.4215389975    0.729  3.060  3.6457  0.776    4 -2.879 -2.683 -2.028 -3.460
0.00031003 -1.70000 10.07918 0.8081423044 2.4215390178    0.729  3.045  3.6470  0.796    4 -2.842 -2.653 -2.005 -3.425
0.00031003 -1.70000 10.07918 0.8081424236 2.4215390586    0.729  3.052  3.6465  0.787    4 -2.860 -2.668 -2.017 -3.442
0.00031003 -1.70000 10.07918 0.8081427217 2.4215391604    0.729  3.081  3.6441  0.748    4 -2.933 -2.728 -2.064 -3.511
0.00031003 -1.70000 10.07918 0.8081428409 2.4215392011    0.729  3.106  3.6420  0.714    4 -2.996 -2.779 -2.103 -3.571
0.00031003 -1.70000 10.07918 0.8081430197 2.4215392622    0.728  3.133  3.6398  0.679    4 -3.063 -2.834 -2.144 -3.634
0.00031003 -1.70000 10.07918 0.8081431985 2.4215393233    0.728  3.157  3.6377  0.646    4 -3.122 -2.881 -2.178 -3.689
0.00031003 -1.70000 10.07918 0.8081433773 2.4215393844    0.728  3.176  3.6361  0.621    4 -3.170 -2.918 -2.206 -3.733
0.00031003 -1.70000 10.07918 0.8081436157 2.4215394659    0.728  3.211  3.6330  0.574    4 -3.256 -2.985 -2.253 -3.812
0.00031003 -1.70000 10.07918 0.8081439137 2.4215395677    0.728  3.214  3.6330  0.570    4 -3.264 -2.993 -2.260 -3.820
0.00031003 -1.70000 10.07918 0.8081443906 2.4215397306    0.728  3.263  3.6289  0.504    4 -3.388 -3.090 -2.331 -3.934
0.00031003 -1.70000 10.07918 0.8081454635 2.4215400972    0.727  3.275  3.6280  0.488    4 -3.418 -3.113 -2.347 -3.961
0.00031003 -1.70000 10.07918 0.8081455231 2.4215401176    0.727  3.262  3.6291  0.506    4 -3.385 -3.088 -2.330 -3.931
#isochrone terminated
