-2.0445698974217366
-2.0405765968408347
-2.034586645969482
-2.03059334538858
-2.0246033945172273
-2.0206100939363254
-2.016616793355424
-2.010626842484071
-2.006633541903169
-2.000643591031816
-1.9966502904509145
-1.990660339579562
-1.9866670389986598
-1.9826737384177582
-1.9766837875464054
-1.9726904869655035
-1.966700536094151
-1.9627072355132489
-1.9587139349323472
-1.9527239840609945
-1.9487306834800926
-1.9427407326087398
-1.938747432027838
-1.9327574811564852
-1.9287641805755835
-1.9247708799946817
-1.9187809291233289
-1.914787628542427
-1.9087976776710742
-1.9048043770901726
-1.9008110765092707
-1.894821125637918
-1.890827825057016
-1.8848378741856633
-1.8808445736047614
-1.8748546227334089
-1.870861322152507
-1.8668680215716051
-1.8608780707002524
-1.8568847701193505
-1.850894819247998
-1.8469015186670958
-1.8429082180861942
-1.8369182672148414
-1.8329249666339396
-1.8269350157625868
-1.822941715181685
-1.8169517643103321
-1.8129584637294305
-1.8089651631485286
-1.8029752122771758
-1.798981911696274
-1.7929919608249212
-1.7889986602440193
-1.7850053596631177
-1.779015408791765
-1.775022108210863
-1.7690321573395102
-1.7650388567586084
-1.7610455561777068
-1.755055605306354
-1.751062304725452
-1.7450723538540993
-1.7410790532731975
-1.7350891024018447
-1.7310958018209428
-1.727102501240041
-1.7211125503686884
-1.7171192497877865
-1.7111292989164337
-1.7071359983355319
-1.70314269775463
-1.6971527468832774
-1.6931594463023756
-1.6871694954310228
-1.683176194850121
-1.6771862439787681
-1.6731929433978663
-1.6691996428169646
-1.6632096919456119
-1.65921639136471
-1.6532264404933572
-1.6492331399124553
-1.6452398393315537
-1.639249888460201
-1.635256587879299
-1.6292666370079463
-1.6252733364270444
-1.6192833855556916
-1.61529008497479
-1.611296784393888
-1.6053068335225353
-1.6013135329416335
-1.5953235820702807
-1.5913302814893788
-1.587336980908477
-1.5813470300371244
-1.5773537294562225
-1.5713637785848698
-1.567370478003968
-1.561380527132615
-1.5573872265517132
-1.5533939259708116
-1.5474039750994588
-1.543410674518557
-1.5374207236472042
-1.5334274230663023
-1.5294341224854007
-1.5234441716140479
-1.5194508710331458
-1.5134609201617932
-1.5094676195808914
-1.5054743189999897
-1.499484368128637
-1.4954910675477349
-1.4895011166763823
-1.4855078160954804
-1.4795178652241276
-1.4755245646432258
-1.471531264062324
-1.4655413131909711
-1.4615480126100695
-1.4555580617387167
-1.4515647611578149
-1.447571460576913
-1.4415815097055602
-1.4375882091246586
-1.4315982582533058
-1.427604957672404
-1.4216150068010511
-1.4176217062201493
-1.4136284056392476
-1.4076384547678948
-1.4036451541869928
-1.3976552033156402
-1.3936619027347383
-1.3896686021538367
-1.383678651282484
-1.3796853507015818
-1.3736953998302293
-1.3697020992493274
-1.3637121483779746
-1.359718847797073
-1.355725547216171
-1.349735596344818
-1.3457422957639165
-1.3397523448925637
-1.3357590443116618
-1.33176574373076
-1.3257757928594072
-1.3217824922785055
-1.3157925414071527
-1.3117992408262507
-1.305809289954898
-1.3018159893739962
-1.2978226887930946
-1.2918327379217418
-1.2878394373408397
-1.2818494864694872
-1.2778561858885853
-1.2738628853076837
-1.2678729344363309
-1.2638796338554288
-1.257889682984076
-1.2538963824031744
-1.2499030818222725
-1.24391313095092
-1.2399198303700179
-1.233929879498665
-1.2299365789177634
-1.2239466280464106
-1.2199533274655088
-1.215960026884607
-1.2099700760132541
-1.2059767754323525
-1.1999868245609997
-1.1959935239800976
-1.192000223399196
-1.1860102725278432
-1.1820169719469416
-1.1760270210755888
-1.1720337204946867
-1.1660437696233341
-1.1620504690424323
-1.1580571684615306
-1.1520672175901778
-1.1480739170092757
-1.142083966137923
-1.1380906655570213
-1.1340973649761195
-1.128107414104767
-1.1241141135238648
-1.118124162652512
-1.1141308620716104
-1.1081409112002576
-1.104147610619356
-1.1001543100384539
-1.094164359167101
-1.0901710585861994
-1.0841811077148467
-1.0801878071339446
-1.076194506553043
-1.0702045556816902
-1.0662112551007885
-1.0602213042294357
-1.0562280036485336
-1.0502380527771809
-1.0462447521962792
-1.0422514516153774
-1.0362615007440248
-1.0322682001631227
-1.02627824929177
-1.0222849487108683
-1.0182916481299664
-1.0123016972586136
-1.008308396677712
-1.0023184458063592
-0.9983251452254572
-0.9943318446445554
-0.9883418937732027
-0.9843485931923008
-0.978358642320948
-0.9743653417400463
-0.9683753908686936
-0.9643820902877918
-0.9603887897068899
-0.9543988388355371
-0.9504055382546354
-0.9444155873832826
-0.9404222868023807
-0.9364289862214789
-0.9304390353501262
-0.9264457347692243
-0.9204557838978715
-0.9164624833169698
-0.9104725324456171
-0.9064792318647152
-0.9024859312838134
-0.8964959804124606
-0.8925026798315588
-0.886512728960206
-0.8825194283793042
-0.8785261277984023
-0.8725361769270497
-0.8685428763461479
-0.862552925474795
-0.8585596248938933
-0.8525696740225406
-0.8485763734416387
-0.8445830728607369
-0.8385931219893841
-0.8345998214084823
-0.8286098705371295
-0.8246165699562277
-0.8206232693753258
-0.8146333185039731
-0.8106400179230714
-0.8046500670517186
-0.8006567664708167
-0.7946668155994641
-0.7906735150185622
-0.7866802144376602
-0.7806902635663076
-0.7766969629854058
-0.770707012114053
-0.7667137115331512
-0.7627204109522493
-0.7567304600808966
-0.7527371594999949
-0.7467472086286421
-0.7427539080477402
-0.7387606074668384
-0.7327706565954856
-0.7287773560145837
-0.722787405143231
-0.7187941045623293
-0.7128041536909765
-0.7088108531100746
-0.7048175525291728
-0.6988276016578201
-0.6948343010769183
-0.6888443502055656
-0.6848510496246637
-0.6808577490437618
-0.674867798172409
-0.6708744975915072
-0.6648845467201545
-0.6608912461392528
-0.6549012952679
-0.6509079946869981
-0.6469146941060963
-0.6409247432347436
-0.6369314426538418
-0.630941491782489
-0.6269481912015872
-0.6229548906206853
-0.6169649397493325
-0.6129716391684308
-0.606981688297078
-0.6029883877161762
-0.5969984368448235
-0.5930051362639216
-0.5890118356830197
-0.5830218848116671
-0.5790285842307653
-0.5730386333594125
-0.5690453327785107
-0.5650520321976088
-0.559062081326256
-0.5550687807453543
-0.5490788298740016
-0.5450855292930997
-0.5390955784217469
-0.5351022778408451
-0.5311089772599432
-0.5251190263885904
-0.5211257258076887
-0.515135774936336
-0.5111424743554341
-0.5071491737745323
-0.5011592229031796
-0.4971659223222777
-0.49117597145092495
-0.48718267087002315
-0.4831893702891213
-0.47719941941776856
-0.47320611883686675
-0.467216167965514
-0.46322286738461216
-0.4572329165132594
-0.4532396159323576
-0.4492463153514558
-0.443256364480103
-0.43926306389920117
-0.43327311302784843
-0.42927981244694663
-0.42528651186604477
-0.41929656099469204
-0.41530326041379023
-0.4093133095424375
-0.4053200089615357
-0.3993300580901829
-0.3953367575092811
-0.39134345692837924
-0.3853535060570265
-0.38136020547612465
-0.3753702546047719
-0.3713769540238701
-0.36738365344296825
-0.3613937025716155
-0.3574004019907137
-0.351410451119361
-0.3474171505384592
-0.3414271996671064
-0.3374338990862045
-0.3334405985053027
-0.32745064763395
-0.3234573470530481
-0.3174673961816954
-0.3134740956007936
-0.3094807950198918
-0.303490844148539
-0.2994975435676372
-0.29350759269628446
-0.28951429211538265
-0.28352434124402986
-0.279531040663128
-0.2755377400822262
-0.26954778921087347
-0.2655544886299716
-0.2595645377586189
-0.25557123717771707
-0.2515779365968152
-0.24558798572546248
-0.24159468514456064
-0.2356047342732079
-0.23161143369230608
-0.22761813311140427
-0.2216281822400515
-0.21763488165914968
-0.21164493078779695
-0.20765163020689512
-0.20166167933554238
-0.19766837875464055
-0.1936750781737387
-0.18768512730238596
-0.18369182672148412
-0.1777018758501314
-0.1737085752692296
-0.16971527468832773
-0.163725323816975
-0.15973202323607316
-0.15374207236472043
-0.1497487717838186
-0.14375882091246583
-0.139765520331564
-0.13577221975066217
-0.12978226887930944
-0.1257889682984076
-0.11979901742705487
-0.11580571684615304
-0.11181241626525121
-0.10582246539389847
-0.10182916481299664
-0.0958392139416439
-0.09184591336074206
-0.08585596248938933
-0.0818626619084875
-0.07786936132758566
-0.07187941045623292
-0.06788610987533109
-0.061896159003978345
-0.05790285842307652
-0.05390955784217469
-0.04791960697082195
-0.04392630638992012
-0.037936355518567375
-0.03394305493766554
-0.027953104066312802
-0.023959803485410974
-0.019966502904509145
-0.013976552033156401
-0.009983251452254573
-0.003993300580901829
0.0
