-2.0000137043741493
-1.9902480124582602
-1.980482320542371
-1.9707166286264812
-1.960950936710592
-1.9511852447947025
-1.9414195528788132
-1.931653860962924
-1.9218881690470344
-1.9140756155143228
-1.9043099235984333
-1.894544231682544
-1.8847785397666543
-1.8750128478507653
-1.8652471559348758
-1.8554814640189865
-1.845715772103097
-1.8359500801872075
-1.826184388271318
-1.816418696355429
-1.8066530044395395
-1.7968873125236502
-1.7871216206077605
-1.777355928691871
-1.7675902367759817
-1.7597776832432703
-1.7500119913273808
-1.7402462994114913
-1.730480607495602
-1.7207149155797126
-1.7109492236638233
-1.701183531747934
-1.6914178398320445
-1.681652147916155
-1.6718864560002658
-1.6621207640843763
-1.6523550721684868
-1.6425893802525973
-1.632823688336708
-1.6230579964208187
-1.6132923045049292
-1.6054797509722176
-1.5957140590563281
-1.585948367140439
-1.5761826752245496
-1.5664169833086603
-1.5566512913927706
-1.546885599476881
-1.5371199075609918
-1.5273542156451025
-1.5175885237292133
-1.5078228318133235
-1.4980571398974343
-1.4882914479815448
-1.4785257560656555
-1.4687600641497662
-1.4589943722338767
-1.4511818187011651
-1.4414161267852756
-1.4316504348693864
-1.4218847429534966
-1.4121190510376076
-1.402353359121718
-1.3925876672058288
-1.3828219752899393
-1.3730562833740498
-1.3632905914581603
-1.3535248995422713
-1.3437592076263818
-1.3339935157104925
-1.3242278237946028
-1.3144621318787133
-1.304696439962824
-1.2968838864301127
-1.2871181945142232
-1.2773525025983337
-1.2675868106824444
-1.257821118766555
-1.2480554268506658
-1.2382897349347761
-1.2285240430188868
-1.2187583511029974
-1.208992659187108
-1.1992269672712186
-1.189461275355329
-1.1796955834394398
-1.1699298915235503
-1.160164199607661
-1.1503985076917715
-1.1425859541590602
-1.1328202622431707
-1.1230545703272814
-1.1132888784113917
-1.1035231864955026
-1.0937574945796131
-1.0839918026637234
-1.0742261107478344
-1.0644604188319446
-1.0546947269160554
-1.044929035000166
-1.0351633430842766
-1.025397651168387
-1.0156319592524978
-1.0058662673366083
-0.9961005754207191
-0.9882880218880075
-0.9785223299721182
-0.9687566380562287
-0.9589909461403393
-0.9492252542244499
-0.9394595623085605
-0.9296938703926712
-0.9199281784767818
-0.9101624865608923
-0.9003967946450028
-0.8906311027291135
-0.8808654108132241
-0.8710997188973346
-0.8613340269814452
-0.8515683350655558
-0.8418026431496665
-0.833990089616955
-0.8242243977010656
-0.8144587057851761
-0.8046930138692867
-0.7949273219533973
-0.7851616300375078
-0.7753959381216186
-0.7656302462057291
-0.7558645542898397
-0.7460988623739504
-0.7363331704580609
-0.7265674785421715
-0.716801786626282
-0.7070360947103927
-0.6972704027945034
-0.6875047108786139
-0.6796921573459024
-0.6699264654300129
-0.6601607735141236
-0.6503950815982341
-0.6406293896823447
-0.6308636977664555
-0.621098005850566
-0.6113323139346766
-0.6015666220187872
-0.5918009301028978
-0.5820352381870084
-0.572269546271119
-0.5625038543552296
-0.5527381624393402
-0.5429724705234508
-0.5332067786075613
-0.5253942250748499
-0.5156285331589604
-0.505862841243071
-0.49609714932718163
-0.4863314574112922
-0.4765657654954028
-0.4668000735795134
-0.45703438166362403
-0.4472686897477346
-0.4375029978318452
-0.4277373059159558
-0.41797161400006644
-0.408205922084177
-0.39844023016828756
-0.3886745382523982
-0.37890884633650884
-0.37109629280379725
-0.3613306008879078
-0.3515649089720185
-0.3417992170561291
-0.33203352514023965
-0.32226783322435026
-0.31250214130846093
-0.30273644939257144
-0.29297075747668205
-0.28320506556079267
-0.2734393736449033
-0.26367368172901384
-0.25390798981312446
-0.24414229789723504
-0.23437660598134566
-0.22461091406545627
-0.21679836053274473
-0.20703266861685532
-0.19726697670096593
-0.18750128478507652
-0.17773559286918708
-0.16796990095329772
-0.1582042090374083
-0.14843851712151893
-0.1386728252056295
-0.1289071332897401
-0.1191414413738507
-0.1093757494579613
-0.09961005754207189
-0.0898443656261825
-0.08007867371029309
-0.0703129817944037
-0.06250042826169216
-0.05273473634580277
-0.04296904442991337
-0.03320335251402397
-0.023437660598134565
-0.013671968682245163
-0.00390627676635576
0.0
