char History[82] "/cosma/home/durham/dc-boye1/zeno/bin/halogsp out=prof
  iles/default.gsp VERSION=1.3"
set GeneralSphericalProfile
  int Npoint 0401
  float Radius[257] 0.000244141 0.000254950 0.000266237 0.000278025 
    0.000290334 0.000303188 0.000316611 0.000330629 0.000345267 
    0.000360553 0.000376516 0.000393186 0.000410594 0.000428773 
    0.000447756 0.000467580 0.000488281 0.000509899 0.000532474 
    0.000556049 0.000580668 0.000606376 0.000633222 0.000661258 
    0.000690534 0.000721107 0.000753033 0.000786372 0.000821188 
    0.000857545 0.000895512 0.000935159 0.000976562 0.00101980 
    0.00106495 0.00111210 0.00116134 0.00121275 0.00126644 0.00132252 
    0.00138107 0.00144221 0.00150607 0.00157274 0.00164238 0.00171509 
    0.00179102 0.00187032 0.00195312 0.00203960 0.00212990 0.00222420 
    0.00232267 0.00242550 0.00253289 0.00264503 0.00276214 0.00288443 
    0.00301213 0.00314549 0.00328475 0.00343018 0.00358205 0.00374064 
    0.00390625 0.00407919 0.00425980 0.00444839 0.00464534 0.00485101 
    0.00506578 0.00529006 0.00552427 0.00576885 0.00602426 0.00629098 
    0.00656950 0.00686036 0.00716409 0.00748128 0.00781250 0.00815839 
    0.00851959 0.00889679 0.00929068 0.00970201 0.0101316 0.0105801 
    0.0110485 0.0115377 0.0120485 0.0125820 0.0131390 0.0137207 
    0.0143282 0.0149626 0.0156250 0.0163168 0.0170392 0.0177936 
    0.0185814 0.0194040 0.0202631 0.0211602 0.0220971 0.0230754 
    0.0240970 0.0251639 0.0262780 0.0274414 0.0286564 0.0299251 
    0.0312500 0.0326336 0.0340784 0.0355872 0.0371627 0.0388081 
    0.0405262 0.0423205 0.0441942 0.0461508 0.0481941 0.0503278 
    0.0525560 0.0548829 0.0573128 0.0598502 0.0625000 0.0652671 
    0.0681567 0.0711743 0.0743255 0.0776161 0.0810525 0.0846410 
    0.0883883 0.0923017 0.0963882 0.100656 0.105112 0.109766 0.114626 
    0.119700 0.125000 0.130534 0.136313 0.142349 0.148651 0.155232 
    0.162105 0.169282 0.176777 0.184603 0.192776 0.201311 0.210224 
    0.219531 0.229251 0.239401 0.250000 0.261068 0.272627 0.284697 
    0.297302 0.310464 0.324210 0.338564 0.353553 0.369207 0.385553 
    0.402623 0.420448 0.439063 0.458502 0.478802 0.500000 0.522137 
    0.545254 0.569394 0.594604 0.620929 0.648420 0.677128 0.707107 
    0.738413 0.771105 0.805246 0.840897 0.878126 0.917004 0.957603 
    1.00000 1.04427 1.09051 1.13879 1.18921 1.24186 1.29684 1.35426 
    1.41421 1.47683 1.54221 1.61049 1.68179 1.75625 1.83401 1.91521 
    2.00000 2.08855 2.18102 2.27758 2.37841 2.48372 2.59368 2.70851 
    2.82843 2.95365 3.08442 3.22098 3.36359 3.51251 3.66802 3.83041 
    4.00000 4.17709 4.36203 4.55515 4.75683 4.96743 5.18736 5.41702 
    5.65686 5.90731 6.16884 6.44196 6.72717 7.02501 7.33603 7.66082 
    8.00000 8.35419 8.72406 9.11031 9.51366 9.93486 10.3747 10.8340 
    11.3137 11.8146 12.3377 12.8839 13.4543 14.0500 14.6721 15.3217 
    16.0000
  float Density[257] 1686.75 1615.20 1546.68 1481.08 1418.25 1358.08 
    1300.47 1245.30 1192.47 1141.88 1093.43 1047.04 1002.61 960.069 
    919.330 880.319 842.961 807.188 772.931 740.126 708.712 678.630 
    649.824 622.238 595.823 570.527 546.304 523.107 500.894 479.623 
    459.254 439.748 421.070 403.183 386.054 369.652 353.945 338.904 
    324.501 310.708 297.501 284.853 272.741 261.143 250.037 239.401 
    229.217 219.464 210.125 201.181 192.617 184.416 176.563 169.042 
    161.841 154.945 148.341 142.017 135.961 130.162 124.609 119.292 
    114.200 109.323 104.654 100.182 95.9005 91.8001 87.8737 84.1137 
    80.5131 77.0652 73.7635 70.6018 67.5742 64.6750 61.8987 59.2402 
    56.6944 54.2565 51.9221 49.6867 47.5460 45.4962 43.5333 41.6537 
    39.8538 38.1302 36.4798 34.8994 33.3861 31.9369 30.5493 29.2205 
    27.9482 26.7298 25.5632 24.4461 23.3764 22.3521 21.3714 20.4323 
    19.5331 18.6721 17.8477 17.0583 16.3026 15.5789 14.8860 14.2227 
    13.5875 12.9794 12.3972 11.8398 11.3062 10.7953 10.3062 9.83805 
    9.38987 8.96084 8.55016 8.15706 7.78081 7.42068 7.07602 6.74616 
    6.43048 6.12840 5.83934 5.56276 5.29814 5.04497 4.80278 4.57111 
    4.34953 4.13761 3.93495 3.74117 3.55590 3.37879 3.20949 3.04770 
    2.89309 2.74538 2.60427 2.46951 2.34081 2.21795 2.10067 1.98875 
    1.88198 1.78013 1.68302 1.59044 1.50221 1.41815 1.33810 1.26188 
    1.18935 1.12035 1.05473 0.992362 0.933106 0.876833 0.823421 
    0.772750 0.724706 0.679177 0.636057 0.595243 0.556637 0.520142 
    0.485667 0.453122 0.422422 0.393483 0.366226 0.340573 0.316449 
    0.293781 0.272501 0.252541 0.233835 0.216321 0.199938 0.184628 
    0.170333 0.157000 0.144577 0.133013 0.122260 0.112271 0.103001 
    0.0944081 0.0864509 0.0790903 0.0722888 0.0660107 0.0602218 
    0.0548900 0.0499845 0.0454759 0.0413366 0.0375405 0.0340627 
    0.0308800 0.0279704 0.0253132 0.0228892 0.0206799 0.0186686 
    0.0168392 0.0151771 0.0136683 0.0123001 0.0110604 0.00993839 
    0.00892372 0.00800695 0.00717937 0.00643298 0.00576036 0.00515473 
    0.00460986 0.00412004 0.00367906 0.00328141 0.00292315 0.00260066 
    0.00231066 0.00205012 0.00181631 0.00160671 0.00141903 0.00125120 
    0.00110130 0.000967604 0.000848529 0.000742637 0.000648619 
    0.000565283 0.000491544 0.000426421 0.000369019 0.000318525 
    0.000274205 0.000235393 0.000201485 0.000171936 0.000146254 
    0.000123995 0.000104759 8.81862e-05 7.39550e-05 6.17755e-05 
    5.13890e-05 4.25649e-05
  float Mass[257] 1.54248e-07 1.68238e-07 1.83300e-07 1.99998e-07 
    2.18056e-07 2.37791e-07 2.59355e-07 2.82889e-07 3.08367e-07 
    3.36500e-07 3.66627e-07 3.99876e-07 4.36147e-07 4.75772e-07 
    5.18605e-07 5.65528e-07 6.16792e-07 6.72464e-07 7.33632e-07 
    7.99537e-07 8.72091e-07 9.51355e-07 1.03704e-06 1.13090e-06 
    1.23345e-06 1.34482e-06 1.46657e-06 1.59932e-06 1.74386e-06 
    1.90182e-06 2.07353e-06 2.26131e-06 2.46556e-06 2.68896e-06 
    2.93135e-06 3.19692e-06 3.48610e-06 3.80093e-06 4.14508e-06 
    4.51957e-06 4.92823e-06 5.37401e-06 5.86020e-06 6.38978e-06 
    6.96720e-06 7.59717e-06 8.28401e-06 9.03280e-06 9.84937e-06 
    1.07390e-05 1.17108e-05 1.27682e-05 1.39226e-05 1.51810e-05 
    1.65509e-05 1.80472e-05 1.96768e-05 2.14552e-05 2.33944e-05 
    2.55051e-05 2.78077e-05 3.03197e-05 3.30574e-05 3.60424e-05 
    3.92956e-05 4.28433e-05 4.67095e-05 5.09243e-05 5.55186e-05 
    6.05256e-05 6.59848e-05 7.19348e-05 7.84227e-05 8.54936e-05 
    9.31984e-05 0.000101600 0.000110753 0.000120731 0.000131604 
    0.000143452 0.000156370 0.000170449 0.000185785 0.000202500 
    0.000220710 0.000240553 0.000262179 0.000285736 0.000311407 
    0.000339367 0.000369837 0.000403026 0.000439182 0.000478566 
    0.000521464 0.000568180 0.000619067 0.000674482 0.000734830 
    0.000800541 0.000872109 0.000950010 0.00103482 0.00112717 
    0.00122768 0.00133709 0.00145616 0.00158574 0.00172675 0.00188018 
    0.00204712 0.00222873 0.00242627 0.00264114 0.00287480 0.00312890 
    0.00340516 0.00370549 0.00403192 0.00438672 0.00477229 0.00519117 
    0.00564624 0.00614053 0.00667733 0.00726018 0.00789292 0.00857971 
    0.00932497 0.0101336 0.0110107 0.0119619 0.0129933 0.0141112 
    0.0153228 0.0166355 0.0180573 0.0195969 0.0212637 0.0230675 
    0.0250190 0.0271297 0.0294118 0.0318783 0.0345432 0.0374215 
    0.0405290 0.0438829 0.0475008 0.0514023 0.0556076 0.0601384 
    0.0650177 0.0702698 0.0759203 0.0819966 0.0885273 0.0955426 
    0.103074 0.111156 0.119823 0.129112 0.139062 0.149713 0.161106 
    0.173287 0.186300 0.200192 0.215014 0.230816 0.247649 0.265569 
    0.284631 0.304891 0.326408 0.349243 0.373455 0.399107 0.426261 
    0.454981 0.485331 0.517376 0.551179 0.586807 0.624324 0.663794 
    0.705280 0.748848 0.794556 0.842467 0.892640 0.945132 1.00000 
    1.05730 1.11707 1.17938 1.24426 1.31176 1.38193 1.45478 1.53037 
    1.60872 1.68986 1.77382 1.86060 1.95024 2.04274 2.13811 2.23635 
    2.33748 2.44148 2.54836 2.65809 2.77068 2.88610 3.00434 3.12538 
    3.24918 3.37573 3.50499 3.63693 3.77152 3.90872 4.04849 4.19078 
    4.33555 4.48269 4.63204 4.78345 4.93675 5.09176 5.24826 5.40603 
    5.56485 5.72444 5.88456 6.04490 6.20519 6.36510 6.52431 6.68250 
    6.83932 6.99443 7.14748 7.29812 7.44599 7.59076 7.73208 7.86962 
    8.00307 8.13213 8.25653 8.37599 8.49030 8.59926 8.70269 8.80047
  float Alpha -1.00000
  float Beta -4.40000
  float Mtot 9.71334
tes
